7826352906053374649456831 
8748702442915159628023709 
9572886419223238572324529 
2107629232934839512943783 
1641596984576178741892691 
4098180962645221742145577 
6596775393515901743552023 
6650020601956924968562711 
5610770523630447944842769 
2451883909887629645613473 
7318766415665643680675183 
3836152315848711011669099 
7723636925653682476776301 
2469390466904275598958787 
4476205358260205817860257 
3763888280923220582476441 
1569673814226370959494341 
1064682113884030216133873 
3673864730662357928718503 
5795415201036241387890863 
5021618816444491456465763 
3309372960953429221525153 
2326685191676946888537923 
7818196136975032916819953 
9220987013303867607017371 
8042284525024944366832199 
5170129357431994139876479 
9304784457886544237448217 
1697810809813693653544259 
1613695464080794433278613 
1349030888214703926718397 
3815653783691328476355109 
3927803803127152174366471 
9712939366532211171807131 
9033300279303997653408079 
5356175406641961295888523 
9143905911289096530778651 
5982532837617513109368559 
9196214010529853400943279 
3449281860787028728024333 
8928392219544747711441419 
7467613839091836969751039 
6163759781874505292682731 
9569769145973052984754733
8434470610588552735050007 
7235656672445960049033727 
9388425685472041109201737 
2488204229115241700279621 
7386831144983376054850961 
6460497505992370793420309
4548887254268276833353031
5612175355551163024890133
7504807799873753317031357
5068036310550958390773929
1672897975169687425947353
4546772735364032509772603 
5876069363387296714695097 
8592288244835164817424403 
6733089212316751582305713 
7851018260239490047589483 
1216662701543798726211637 
2126305154882951576685209 
6059268694530490108152229 
6114736469649732071636501 
9953471604751472818638589 
6610158573724432879259929 
7764026492704303955596831 
2199725448121997808037307 
5419795198014844721682521 
8693176403475923750464639 
3231502249643174201304749 
2206819871072633672083303 
8422279147144246671192911 
9380564148907793354571437 
5393219561804859325029449 
2987074150005949967408899 
2929234831273641280889183 
7490253260529281107418447 
9428270375668075122337973 
1098948675592199556812327 
3338822256608641013129833 
3536569195311379822650859 
9667463665582881183457343 
1601265906749230298435711 
3074379254290900145367763 
4845631256885620830788641 
5260603464547997027602423 
1476033170116884538695979 
7185956293071069614937439 
5994394912099204000783369 
7486186751870867442705649 
1615810696002451401566143 
8071491143027416241210797 
2272292096611939189220011 
7729267286718085426077211 
5217702726704175930574337 
1775332164680486481335471 
7989284071223499804567733 
2127738717256957618781057 
7033189520404770823488961