690817
831967
878041
482707
669133
734329
268883
931709
986563
587971
382429
739507
230693
425387
961243
574859
317557
149759
504797
250751
349387
338431
312289
663857
980489
451397
125197
865313
690757
452759
547237
829159
616723
963581
496579
394967
965131
669413
233117
884287
274831
898063
428531
734743
172321
225287
699791
582727
464081
538771
211231
186647
472559
222461
780973
980327
652321
275677
600289
596293
530731
825229
825259
422879
446227
531611
266089
602401
873133
501037
201251
978643
693431
676937
724267
957499
753197
861167
992371
451783
306407
477881
383179
482231
465701
131479
112403
554843
752033
271127
391487
949523
847507
318313
589751
198529
687383
726601
446387
682147
444487
407191
879181
722213
604859
536323
643961
375413
585913
390413
181063
392143
857471
403439
787021
127637
371941
234139
740951
690433
194483
765329
741883
740423
509477
132137
782389
452297
379009
621629
883781
530773
679277
956929
651143
781217
400759
560701
154871
225983
246637
852851
136859
610219
954539
553171
361279
684017
514081
430891
866933
305441
618269
546197
187931
458897
345673
634013
890683
180259
639049
908653
138241
547061
998681
958519
150083
888793
855619
148243
141061
897103
565319
328007
269779
519229
286019
453293
112349
124097
387397
453707
826061
333271
195089
249973
325153
845723
586919
620777
223313
521777
710383
221657
618361
663269
410551
456241
986143
121421
632851
909737
621671
914213
831161
948401
401629
190709
144413
828889
137209
254663
598489
715789
208499
908041
373487
616799
621031
194083
369917
922781
654191
386047
426197
708041
654991
548123
760813
448997
556273
459181
196709
563623
636109
915587
135649
190783
510331
937883
351121
518467
214943
256423
299017
608393
796267
318841
548557
818249
414031
632839
464119
798961
885103
544667
120947
971441
935063
905767
100517
799063
769973
400643
826363
222953
975977
798101
254299
355441
490969
233923
393611
905909
863959
528667
291491
273901
857419
696827
856483
554699
307009
640267
292759
272933
516701
415669
726941
774583
608411
639329
396527
444487
608269
788761
822259
564197
969181
735919
144887
261739
456607
895463
615161
757909
518057
764059
514289
155327
686317
711133
491041
406247
798781
134753
956237
238477
447509
489239
274199
856241
400009
172607
880883
5536807
7860913
5139877
1717237
7875793
6427517
9149359
4495721
5985289
9822727
7214651
3917483
2294723
1624349
2116867
5522311
6467207
6238123
4895533
8209081
5198591
2604299
7117037
1348549
8142319
4855679
9156487
2400037
3086141
4836743
1350023
1473949
2535019
3368003
7253381
1616827
6956399
5160851
9811981
4372339
3585173
8692807
2525629
3438671
6839923
4745467
2985847
8468309
9733403
6058369
4662527
3080677
3127703
4124479
4641067
7452271
6186161
1567771
4735201
2427751
5749691
7564229
7682639
5219273
5089237
3983303
3804739
6957037
2536837
2284879
2963281
8502853
1631723
7748803
6076033
8035609
3658631
2055497
1545029
2149409
4565101
1957801
7599707
8212873
4514207
2981023
9390757
7850197
1903619
8033177
8507357
5391349
4006993
1310147
3148459
1324957
2867507
4790749
8632009
9410803
7064203
6808643
7129159
2811187
1980991
9958969
7107509
1956289
2558009
2870051
1689379
2970347
1654157
3763229
6031171
7124707
5383753
3283823
4376513
7501313
7027717
8076191
5677843
9518471
1757071
1132673
9156923
5378587
5463439
8747243
1787899
5003231
8015771
1943941
6553769
3498643
5924053
1867001
2039977
1846399
5506559
3021503
3426413
9704029
2851939
6445457
7701347
3211667
2030657
2211689
2235031
5559401
2902183
4268809
5967979
2683537
2178377
7685641
3629363
3630709
3872521
3368257
1429279
7536637
6920323
4957937
1938239
1790557
8596153
6026987
6427079
4323611
3435461
4120411
8212517
5528921
2982527
1571827
8193793
1712077
6842611
9224923
2878027
5447791
7829923
5213291
2620913
9599893
1972249
1623859
1069499
5937161
1140569
9555253
8708429
3775799
7907507
4053571
1763981
3823811
6267971
5258089
6747989
9530029
9585883
6725687
2272187
5248891
6864653
6035761
9094009
5483281
5436653
9811427
7347533
5880757
7666349
9698371
7831319
1232531
7181849
9196511
1320287
1113877
4518667
6120689
4480403
2400067
8536831
2516981
2268481
6579899
4260437
3587879
1466677
6374759
8510669
7798907
3996583
1195193
2264771
4382747
2276567
1541681
9840133
1566821
2424377
3914891
8825897
1080847
2123881
8902433
1789433
9845387
6010643
8366119
3676643
1109249
4644061
7055177
9907147
5748217
2195003
1770077
9166427
1299359
6503239
3229399
2855807
5318683
3714673
6574949
8059517
8536357
2779363
1005013
5193557
3233387
7844521
9269297
4615183
2324731
1365137
5816029
5293177
6580901
7213781
5013979
2878961
9344347
6581401
4565413
6706537
8616371
3869057
1561519
2621467
6415427
4889561
8837677
4227887
5107801
7744669
2542607
3457087
4062671
5506037
7791097
9896699
2691853
9933499
8271317
7611377
8075491
4504883
2743079
7917587
6396073
4002877
6110179
1637261
8372783
7910263
1584641
9738871
4145693
2482793
8772917
3593713
8904043
7878917
6897659
4585429
1387363
4637239
9096721
3813317
5289143
2942383
6079903
3655307
7430567
5511601
3965371
7365431
7817903
1330963
2330281
2015473
3146183
7732457
7320697
1137233
5018891
8136283
5797669
5001487
3895117
8563693
1886327
5240509
7321619
1469543
8609849
5216219
1101319
3934363
3893957
7531567
7150379
9833311
6255281
1697873
2823473
4147093
7966157
8581759
3180869
8762041
3560549
6407099
8816537
6603299
9844217
3286693
3115799
5216747
5286293
5072731
1630429
4414769
6963433
2428123
2299159
4045763
3092951
5566331
9308671
4678501
2663693
5646323
6181349
1911851
1924751
4487011
7106947
1788649
3464683
7431331
3669521
4112851
3562343
9552581
8264171
2584877
6954049
7385447
8907287
6164429
6822143
2807593
1635817
2021863
7166221
9043037
1624423
9782813
5935003
8208287
8873041
9331241
8553113
1883279
3766853
7947461
2627593
8300147
2970677
1514963
8524643
8634883
6457831
1909489
7473253
7165427
4394893
3667219
1181443
7553603
1850561
2752201
5573489
1860977
3589477
3128381
4128623
4934291
3901511
3494279
8487337
3557273
2185193
2558929
3333809
5419157
1296413
8948473
7100003
6617323
9576107
1427917
8817089
1608751
1779361
2045699
1568143
5794741
3763399
6994607
8789227
6243187
2724401
7838543
5633701
9330289
2518493
2097383
1670959
4613237
6932287
4462121
9075427
7314911
6323927
5967601
7438891
1749151
9947779
7863829
2404679