3482987096062908529782045651867781787889987486965399034584674109025638550564725900627374728601488137
5417579527629115987890540521499064203777441521370183591040276341958196459293815382547712956512736197
8792498744540836040285181405773407439895161394368168888715469119749057157865522029944387725571784739
4394141875183187110892312937524894113762126675955465733379871132237871486588160755437386821427804799
9540754027112123933095847395828513130837254432190796567365067982175001611031407103405926513748853781
4762927897424396069572644640815791291690281435562009464477732205197798967094733771065505659498044341
9188155350542467416521587339133339105070437200364291863798168141762937054317226768103473087491049909
9267183934610878176848318861283495591047732789366061692978277084149303906027843116791862873261195723
3782331574931212859211133193043980953779570065163554628793738274303644347641191354287505086334990399
2564387169377594708525343494836767519897526662496104004850361840978746119996617081225629493660111913
2132599828584724719825689076526520471127330859718292829687696372813381512840853826578145397296549981
9672355287573080822793669484386311492123390389805128776999260048818410935739366553807074735068496997
2208156307759327456728597015426860596037121781575406329028068154928082490116253988770955016522053089
5926009342032679093747082669111926318846366286037146029265679319873884358643313593893710096014841409
4619304910931074338682145008227115541951886670589801840111107460612722023949711879692846562426787933
1525592856841802961868777032961086016377486808885548303065329586645577311138211843316643499021545597
5491799499934286447146816115058551502872518158515675590092617494475822326601796149005075972830913127
6493973711420927517101819382930118677705262942143581299494425516696421386403670819274070745043615623
8125752322705896644760941244649657232562832937373085654550689032947091158671451665835551584524807261
8124053590883985285915131785603235253592521467503978215733436488560678570542440985905720743940691771
2265745013949517767055596431006649218676816546178351397879356988897518948869805276609471715779117939
2273282589486169868192899546227100576810247673731191933721522199704596941945178597125711588477373103
5069428429150430601353804445993081134040689626390292187998210569057374152261634359792376393448407251
2983184346190227890641181723574771610423072213900146571530282219024245135604840837814870806850021207
7180743931488948215828876401234571910667202610812171295537576715791706363686865593025342426935881093
7581378200627590473042379164979296042525775908832890910801917790914580885152004550800001179978132783
8331043524397624848991302413292838746803275834694439376243389927726823733984088450094126755940278119
5396014281292280844421215375313636869805472301995413989095434945792135729019856639805666918428440407
6764523897391702868161355332109492906601917838913120344150842916950201690454451771960570850665199671
9281416621729509245234750243039351691144155458135276148168376677099415688796200932106789622515501069
4641796983015534658990778076435338426972874157585790117522416741055254129032662020450275350538945527
9591944488508641254285422269539711981629593969827557004879812969045506666130184670257438156621923303
4468376420652089598987558634209862731417111430791977566216573765012201727821865161332124909662113209
5986679433594213202235496430436469987387161922300908605919907739632552626372513278135242956709800171
7964312551067718261160173333450700769401925084690388599443136276369292866403014796067553637175554991
1027305785326117727432241975935806235829315481508018958510564665973567951470787656768208471222921173
9044072326503712187018802085078164459557636973991532237708762221767182462783418084477962003843987497
9314037789119918445401987947536267350136718327061531878386474814429771140172214331044287820247372739
6775177691830869218547486406242370964966564327697962609769293743337280887847507195760295122846232509
1006542277559008307245931726426582977218812369978791145756888026053043901046304026942057708525454507
6670801940049598347176185552782162212506497537706840115099551657853879224919223287944999734220433341
7204143923802390413534919218189460646765706722529686391622537766317499142931460224616940779138815827
6033797987986925877863703754412277072019073913659578603406883435512715168941209833658192268936688463
6899032428188972364126808618161618290324817571077185847391477290200915502308069401689663529335890867
3903638724505336504931205191351780818922371138884643368926339172354800151062512987768564534475363957
3445608506811913260294454933329494134960728289429219548578183005924669983059275702917965347658941091
3097638861588864979401845041694390633390068842652122039705383719693869499011474283200437500084711241
6157500713285934087104047185045780753137582654716893953592985103352550239759809120010570897762710473
8238973363235626224161655636634033599925347493248697986909622038707418349215766669455754436383480573
1912590518003781513602802559232105001879883785850185682824158839716407200260137177831882734147274561
4545274996485584696217908187232615585382397572732035308198905246949192644013526173543084812765617889
4102296716014406015480038355432281644583118149879505736652838972363402005964635125898414515982579267
9283839464530470680068913285189663396713798879406828767420404676069032117919700230042078481528718787
9553121518197236252326522846256084130507053500610003203304724935534526061782207119311378016310830369
5870260919370591792713732852949785626989892648922237686547969778541167775804956435427451691216103259
3653902333618473217410595250000693983170973624469237721720930721765753827846821008740242097134752069
9015887061415213419886408951888958845230710745449234239586735289596886938081282775308616893137225277
8772517350533265283733140799885009287524085654677879039319183985541442490176258178522804198605116751
1421253559584974277262263104541362787620220919911314294471939017283598203778567160737044244413767973
2709374750894349187620972387753601453615634075599277170763484848663119012001000687189156123212636583
5922842597225535568533793414873105052028790628943192898750965504368598373367010243744033952581990577
2997348708040321134121875883557502782098059012442126397639690148724146368490267977008029468521467341
6633449608274066787059372403586496895505691249130192066376915386205217961771634967758832617869580091
2609917455375406332549332660484484443204179415205346296215634571732723490601484959559557236438987143
6228979221865217093339138473118190260690347842403439656415986060386397605327834369182836189651232873
3541525603857774958482596763750784927381154910688319983285609849170323254743544045168706942371981871
1539625346268981929381029997436248360643332586216518213815181287107677559401134477895916412937937479
6865398449989263497452019871245226075041557484092457891925550656864840136839202183415473229338711739
3864209743360635957566469695418522789607682568235868454752146774373597131952087688222811125146578369
5533033517431346580674182005873542953813172982839784901218470757641844431958521348412157388023466839
8024571975637692691991749001757693827130268515742375836399105309467095905430580746365895800414556403
8427975565786591619652831447193731684234300563579015837614461237192042709044828420173425701249723727
3342609904536679262176746040508149587814365486576874292129457457241686257803647408727273465728190681
8951313555067496196509139280875590245440736560657832160904718874973462701923795977378646640185177031
8006221593943640199461797418477821510694370157875945076285381877455705998661011166398589711420470121
7236233077922821397274512911130582607404266762136210026026112796094736856754964882276244637410648971
7612336436308129285487271307122943290215267746458585233941848309759754419271228588178496724048864063
3201405019649708649161890182833824190997765163829428110437402503094290764969014841229021139887897597
8278567687511569541888216695806464584467007661478105489364949212954642391064326003554101084635291309
7178824931137827664599162842981720895971319518353339958429710885303714800073666995979410655328756983
9593361336584260759170960863707291932040879391915529948278075976395458352946303150415212773480500321
9194815670204685686269379996401790064749859999673643856317634411675747538263521071522466080716507547
3430740201184768601040584837092690608982129182916740466719858564627330473581411428694143296740596643
1604521186397145025063356693342856848855639133246214318945207000788569930762760149561036278823620513
4799314143229855075659013390053893493695490603013261273212760814421750635981541885365308645724786501
7375245925630902840565353384639803033811579881281846476267658067044016836665236519512453783933299577
4562513470488645272716805838667829669518682560956431051875023370790381084316317089649982162372259853
4857770679343854058144137111250505499543458738042820541053723173879780649070567424226747038022217189
1861638980082910817037938130483287297053126458640135012637006423802991754730015338304434990636682953
4421369263530889114144438201173954766028007009521409835136566197331918955736476501656759079239610621
8163472370571028946004841131353201065240566134953128682367501174829032393595752770995603637690202797
9576762542895955256221134981813318543198602193219131099692299249442335420473266606289338270067673509
2402871800060018583436958135545061585962572893061497709951060878291905901974137634460042406103027531
6248139988831884656815060806769739656075520361602854469068347854134602189632022946436143336602838531
7712354595844207297073624256817625408764207231626705477230375754698502876101539204975404062829509141
5134388220154092579325822195722621295971830567068882899332016031016157186139507964376919656506927387
9522397402883724733567567306360654467981486484527696036877250222381301603800365760678677334957149913
1540728472577954953404074176954354824467779041145981039259304323797065275905732967681855791730384387
1244877143457371128387212206161881403096651720550918854276474292333781503902022562078346656220397029
5817569681326219436220047820311202073484543102402331445108981748722121612963073168450392446101048713